package week4;

import static util.Assert.assertEquals;
import static week4.TaskT04N06.*;

public class TaskT04N06Test {
    public static void main(String[] args) {
        testArrayA();
        testArrayB();
        testArrayV();
        testArrayG();
        testArrayD();
        testArrayE();
        testArrayJe();
        testArrayZ();
        testArrayI();
        testArrayK();
        testArrayL();
        testArrayM();
        testArrayN();
        testArrayO();
        testArrayP();
        testArrayR();
    }

    public static void testArrayA() {
        int[][] expected = {{1, 2, 3, 4, 5, 6, 7, 8, 9, 10}, {11, 12, 13, 14, 15, 16, 17, 18, 19, 20}
                , {21, 22, 23, 24, 25, 26, 27, 28, 29, 30}, {31, 32, 33, 34, 35, 36, 37, 38, 39, 40}
                , {41, 42, 43, 44, 45, 46, 47, 48, 49, 50}, {51, 52, 53, 54, 55, 56, 57, 58, 59, 60}
                , {61, 62, 63, 64, 65, 66, 67, 68, 69, 70}, {71, 72, 73, 74, 75, 76, 77, 78, 79, 80}
                , {81, 82, 83, 84, 85, 86, 87, 88, 89, 90}, {91, 92, 93, 94, 95, 96, 97, 98, 99, 100}
                , {101, 102, 103, 104, 105, 106, 107, 108, 109, 110}
                , {111, 112, 113, 114, 115, 116, 117, 118, 119, 120}};
        assertEquals("Week4.TaskT04N06Test.testArrayA", expected, fillArrayA());
    }

    public static void testArrayB() {
        int[][] expected = {{1, 13, 25, 37, 49, 61, 73, 85, 97, 109}, {2, 14, 26, 38, 50, 62, 74, 86, 98, 110}
                , {3, 15, 27, 39, 51, 63, 75, 87, 99, 111}, {4, 16, 28, 40, 52, 64, 76, 88, 100, 112}
                , {5, 17, 29, 41, 53, 65, 77, 89, 101, 113}, {6, 18, 30, 42, 54, 66, 78, 90, 102, 114}
                , {7, 19, 31, 43, 55, 67, 79, 91, 103, 115}, {8, 20, 32, 44, 56, 68, 80, 92, 104, 116}
                , {9, 21, 33, 45, 57, 69, 81, 93, 105, 117}, {10, 22, 34, 46, 58, 70, 82, 94, 106, 118}
                , {11, 23, 35, 47, 59, 71, 83, 95, 107, 119}, {12, 24, 36, 48, 60, 72, 84, 96, 108, 120}};
        assertEquals("Week4.TaskT04N06Test.testArrayB", expected, fillArrayB());
    }

    public static void testArrayV() {
        int[][] expected = {{10, 9, 8, 7, 6, 5, 4, 3, 2, 1}, {20, 19, 18, 17, 16, 15, 14, 13, 12, 11}
                , {30, 29, 28, 27, 26, 25, 24, 23, 22, 21}, {40, 39, 38, 37, 36, 35, 34, 33, 32, 31}
                , {50, 49, 48, 47, 46, 45, 44, 43, 42, 41}, {60, 59, 58, 57, 56, 55, 54, 53, 52, 51}
                , {70, 69, 68, 67, 66, 65, 64, 63, 62, 61}, {80, 79, 78, 77, 76, 75, 74, 73, 72, 71}
                , {90, 89, 88, 87, 86, 85, 84, 83, 82, 81}, {100, 99, 98, 97, 96, 95, 94, 93, 92, 91}
                , {110, 109, 108, 107, 106, 105, 104, 103, 102, 101}
                , {120, 119, 118, 117, 116, 115, 114, 113, 112, 111}};
        assertEquals("Week4.TaskT04N06Test.testArrayV", expected, fillArrayV());
    }

    public static void testArrayG() {
        int[][] expected = {{12, 24, 36, 48, 60, 72, 84, 96, 108, 120}, {11, 23, 35, 47, 59, 71, 83, 95, 107, 119}
                , {10, 22, 34, 46, 58, 70, 82, 94, 106, 118}, {9, 21, 33, 45, 57, 69, 81, 93, 105, 117}
                , {8, 20, 32, 44, 56, 68, 80, 92, 104, 116}, {7, 19, 31, 43, 55, 67, 79, 91, 103, 115}
                , {6, 18, 30, 42, 54, 66, 78, 90, 102, 114}, {5, 17, 29, 41, 53, 65, 77, 89, 101, 113}
                , {4, 16, 28, 40, 52, 64, 76, 88, 100, 112}, {3, 15, 27, 39, 51, 63, 75, 87, 99, 111}
                , {2, 14, 26, 38, 50, 62, 74, 86, 98, 110}, {1, 13, 25, 37, 49, 61, 73, 85, 97, 109}};
        assertEquals("Week4.TaskT04N06Test.testArrayG", expected, fillArrayG());
    }

    public static void testArrayD() {
        int[][] expected = {{1, 2, 3, 4, 5, 6, 7, 8, 9, 10, 11, 12}, {24, 23, 22, 21, 20, 19, 18, 17, 16, 15, 14, 13}
                , {25, 26, 27, 28, 29, 30, 31, 32, 33, 34, 35, 36}, {48, 47, 46, 45, 44, 43, 42, 41, 40, 39, 38, 37}
                , {49, 50, 51, 52, 53, 54, 55, 56, 57, 58, 59, 60}, {72, 71, 70, 69, 68, 67, 66, 65, 64, 63, 62, 61}
                , {73, 74, 75, 76, 77, 78, 79, 80, 81, 82, 83, 84}, {96, 95, 94, 93, 92, 91, 90, 89, 88, 87, 86, 85}
                , {97, 98, 99, 100, 101, 102, 103, 104, 105, 106, 107, 108}
                , {120, 119, 118, 117, 116, 115, 114, 113, 112, 111, 110, 109}};
        assertEquals("Week4.TaskT04N06Test.testArrayD", expected, fillArrayD());
    }

    public static void testArrayE() {
        int[][] expected = {{1, 24, 25, 48, 49, 72, 73, 96, 97, 120}, {2, 23, 26, 47, 50, 71, 74, 95, 98, 119}
                , {3, 22, 27, 46, 51, 70, 75, 94, 99, 118}, {4, 21, 28, 45, 52, 69, 76, 93, 100, 117}
                , {5, 20, 29, 44, 53, 68, 77, 92, 101, 116}, {6, 19, 30, 43, 54, 67, 78, 91, 102, 115}
                , {7, 18, 31, 42, 55, 66, 79, 90, 103, 114}, {8, 17, 32, 41, 56, 65, 80, 89, 104, 113}
                , {9, 16, 33, 40, 57, 64, 81, 88, 105, 112}, {10, 15, 34, 39, 58, 63, 82, 87, 106, 111}
                , {11, 14, 35, 38, 59, 62, 83, 86, 107, 110}, {12, 13, 36, 37, 60, 61, 84, 85, 108, 109}};
        assertEquals("Week4.TaskT04N06Test.testArrayE", expected, fillArrayE());
    }

    public static void testArrayJe() {
        int[][] expected = {{111, 112, 113, 114, 115, 116, 117, 118, 119, 120}
                , {101, 102, 103, 104, 105, 106, 107, 108, 109, 110}
                , {91, 92, 93, 94, 95, 96, 97, 98, 99, 100}, {81, 82, 83, 84, 85, 86, 87, 88, 89, 90}
                , {71, 72, 73, 74, 75, 76, 77, 78, 79, 80}, {61, 62, 63, 64, 65, 66, 67, 68, 69, 70}
                , {51, 52, 53, 54, 55, 56, 57, 58, 59, 60}, {41, 42, 43, 44, 45, 46, 47, 48, 49, 50}
                , {31, 32, 33, 34, 35, 36, 37, 38, 39, 40}, {21, 22, 23, 24, 25, 26, 27, 28, 29, 30}
                , {11, 12, 13, 14, 15, 16, 17, 18, 19, 20}, {1, 2, 3, 4, 5, 6, 7, 8, 9, 10}};
        assertEquals("Week4.TaskT04N06Test.testArrayJe", expected, fillArrayJe());
    }

    public static void testArrayZ() {
        int[][] expected = {{109, 97, 85, 73, 61, 49, 37, 25, 13, 1}, {110, 98, 86, 74, 62, 50, 38, 26, 14, 2}
                , {111, 99, 87, 75, 63, 51, 39, 27, 15, 3}, {112, 100, 88, 76, 64, 52, 40, 28, 16, 4}
                , {113, 101, 89, 77, 65, 53, 41, 29, 17, 5}, {114, 102, 90, 78, 66, 54, 42, 30, 18, 6}
                , {115, 103, 91, 79, 67, 55, 43, 31, 19, 7}, {116, 104, 92, 80, 68, 56, 44, 32, 20, 8}
                , {117, 105, 93, 81, 69, 57, 45, 33, 21, 9}, {118, 106, 94, 82, 70, 58, 46, 34, 22, 10}
                , {119, 107, 95, 83, 71, 59, 47, 35, 23, 11}, {120, 108, 96, 84, 72, 60, 48, 36, 24, 12}};
        assertEquals("Week4.TaskT04N06Test.testArrayZ", expected, fillArrayZ());
    }

    public static void testArrayI() {
        int[][] expected = {{120, 119, 118, 117, 116, 115, 114, 113, 112, 111}
                , {110, 109, 108, 107, 106, 105, 104, 103, 102, 101}
                , {100, 99, 98, 97, 96, 95, 94, 93, 92, 91}, {90, 89, 88, 87, 86, 85, 84, 83, 82, 81}
                , {80, 79, 78, 77, 76, 75, 74, 73, 72, 71}, {70, 69, 68, 67, 66, 65, 64, 63, 62, 61}
                , {60, 59, 58, 57, 56, 55, 54, 53, 52, 51}, {50, 49, 48, 47, 46, 45, 44, 43, 42, 41}
                , {40, 39, 38, 37, 36, 35, 34, 33, 32, 31}, {30, 29, 28, 27, 26, 25, 24, 23, 22, 21}
                , {20, 19, 18, 17, 16, 15, 14, 13, 12, 11}, {10, 9, 8, 7, 6, 5, 4, 3, 2, 1}};
        assertEquals("Week4.TaskT04N06Test.testArrayI", expected, fillArrayI());
    }

    public static void testArrayK() {
        int[][] expected = {{120, 108, 96, 84, 72, 60, 48, 36, 24, 12}, {119, 107, 95, 83, 71, 59, 47, 35, 23, 11}
                , {118, 106, 94, 82, 70, 58, 46, 34, 22, 10}, {117, 105, 93, 81, 69, 57, 45, 33, 21, 9}
                , {116, 104, 92, 80, 68, 56, 44, 32, 20, 8}, {115, 103, 91, 79, 67, 55, 43, 31, 19, 7}
                , {114, 102, 90, 78, 66, 54, 42, 30, 18, 6}, {113, 101, 89, 77, 65, 53, 41, 29, 17, 5}
                , {112, 100, 88, 76, 64, 52, 40, 28, 16, 4}, {111, 99, 87, 75, 63, 51, 39, 27, 15, 3}
                , {110, 98, 86, 74, 62, 50, 38, 26, 14, 2}, {109, 97, 85, 73, 61, 49, 37, 25, 13, 1}};
        assertEquals("Week4.TaskT04N06Test.testArrayK", expected, fillArrayK());
    }

    public static void testArrayL() {
        int[][] expected = {{120, 119, 118, 117, 116, 115, 114, 113, 112, 111}
                , {101, 102, 103, 104, 105, 106, 107, 108, 109, 110}, {100, 99, 98, 97, 96, 95, 94, 93, 92, 91}
                , {81, 82, 83, 84, 85, 86, 87, 88, 89, 90}, {80, 79, 78, 77, 76, 75, 74, 73, 72, 71}
                , {61, 62, 63, 64, 65, 66, 67, 68, 69, 70}, {60, 59, 58, 57, 56, 55, 54, 53, 52, 51}
                , {41, 42, 43, 44, 45, 46, 47, 48, 49, 50}, {40, 39, 38, 37, 36, 35, 34, 33, 32, 31}
                , {21, 22, 23, 24, 25, 26, 27, 28, 29, 30}, {20, 19, 18, 17, 16, 15, 14, 13, 12, 11}
                , {1, 2, 3, 4, 5, 6, 7, 8, 9, 10}};
        assertEquals("Week4.TaskT04N06Test.testArrayL", expected, fillArrayL());
    }

    public static void testArrayM() {
        int[][] expected = {{10, 9, 8, 7, 6, 5, 4, 3, 2, 1}, {11, 12, 13, 14, 15, 16, 17, 18, 19, 20}
                , {30, 29, 28, 27, 26, 25, 24, 23, 22, 21}, {31, 32, 33, 34, 35, 36, 37, 38, 39, 40}
                , {50, 49, 48, 47, 46, 45, 44, 43, 42, 41}, {51, 52, 53, 54, 55, 56, 57, 58, 59, 60}
                , {70, 69, 68, 67, 66, 65, 64, 63, 62, 61}, {71, 72, 73, 74, 75, 76, 77, 78, 79, 80}
                , {90, 89, 88, 87, 86, 85, 84, 83, 82, 81}, {91, 92, 93, 94, 95, 96, 97, 98, 99, 100}
                , {110, 109, 108, 107, 106, 105, 104, 103, 102, 101}
                , {111, 112, 113, 114, 115, 116, 117, 118, 119, 120}};
        assertEquals("Week4.TaskT04N06Test.testArrayM", expected, fillArrayM());
    }

    public static void testArrayN() {
        int[][] expected = {{120, 97, 96, 73, 72, 49, 48, 25, 24, 1}, {119, 98, 95, 74, 71, 50, 47, 26, 23, 2}
                , {118, 99, 94, 75, 70, 51, 46, 27, 22, 3}, {117, 100, 93, 76, 69, 52, 45, 28, 21, 4}
                , {116, 101, 92, 77, 68, 53, 44, 29, 20, 5}, {115, 102, 91, 78, 67, 54, 43, 30, 19, 6}
                , {114, 103, 90, 79, 66, 55, 42, 31, 18, 7}, {113, 104, 89, 80, 65, 56, 41, 32, 17, 8}
                , {112, 105, 88, 81, 64, 57, 40, 33, 16, 9}, {111, 106, 87, 82, 63, 58, 39, 34, 15, 10}
                , {110, 107, 86, 83, 62, 59, 38, 35, 14, 11}, {109, 108, 85, 84, 61, 60, 37, 36, 13, 12}};
        assertEquals("Week4.TaskT04N06Test.testArrayN", expected, fillArrayN());
    }

    public static void testArrayO() {
        int[][] expected = {{12, 13, 36, 37, 60, 61, 84, 85, 108, 109}, {11, 14, 35, 38, 59, 62, 83, 86, 107, 110}
                , {10, 15, 34, 39, 58, 63, 82, 87, 106, 111}, {9, 16, 33, 40, 57, 64, 81, 88, 105, 112}
                , {8, 17, 32, 41, 56, 65, 80, 89, 104, 113}, {7, 18, 31, 42, 55, 66, 79, 90, 103, 114}
                , {6, 19, 30, 43, 54, 67, 78, 91, 102, 115}, {5, 20, 29, 44, 53, 68, 77, 92, 101, 116}
                , {4, 21, 28, 45, 52, 69, 76, 93, 100, 117}, {3, 22, 27, 46, 51, 70, 75, 94, 99, 118}
                , {2, 23, 26, 47, 50, 71, 74, 95, 98, 119}, {1, 24, 25, 48, 49, 72, 73, 96, 97, 120}};
        assertEquals("Week4.TaskT04N06Test.testArrayO", expected, fillArrayO());
    }

    public static void testArrayP() {
        int[][] expected = {{111, 112, 113, 114, 115, 116, 117, 118, 119, 120}
                , {110, 109, 108, 107, 106, 105, 104, 103, 102, 101}, {91, 92, 93, 94, 95, 96, 97, 98, 99, 100}
                , {90, 89, 88, 87, 86, 85, 84, 83, 82, 81}, {71, 72, 73, 74, 75, 76, 77, 78, 79, 80}
                , {70, 69, 68, 67, 66, 65, 64, 63, 62, 61}, {51, 52, 53, 54, 55, 56, 57, 58, 59, 60}
                , {50, 49, 48, 47, 46, 45, 44, 43, 42, 41}, {31, 32, 33, 34, 35, 36, 37, 38, 39, 40}
                , {30, 29, 28, 27, 26, 25, 24, 23, 22, 21}, {11, 12, 13, 14, 15, 16, 17, 18, 19, 20}
                , {10, 9, 8, 7, 6, 5, 4, 3, 2, 1}};
        assertEquals("Week4.TaskT04N06Test.testArrayP", expected, fillArrayP());
    }

    public static void testArrayR() {
        int[][] expected = {{109, 108, 85, 84, 61, 60, 37, 36, 13, 12}, {110, 107, 86, 83, 62, 59, 38, 35, 14, 11}
                , {111, 106, 87, 82, 63, 58, 39, 34, 15, 10}, {112, 105, 88, 81, 64, 57, 40, 33, 16, 9}
                , {113, 104, 89, 80, 65, 56, 41, 32, 17, 8}, {114, 103, 90, 79, 66, 55, 42, 31, 18, 7}
                , {115, 102, 91, 78, 67, 54, 43, 30, 19, 6}, {116, 101, 92, 77, 68, 53, 44, 29, 20, 5}
                , {117, 100, 93, 76, 69, 52, 45, 28, 21, 4}, {118, 99, 94, 75, 70, 51, 46, 27, 22, 3}
                , {119, 98, 95, 74, 71, 50, 47, 26, 23, 2}, {120, 97, 96, 73, 72, 49, 48, 25, 24, 1}};
        assertEquals("Week4.TaskT04N06Test.testArrayR", expected, fillArrayR());
    }
}
